7.527100890874862671e-01,5.027500092983245850e-01,7.003321051597595215e-01,5.184999704360961914e-01
7.412362247705459595e-01,5.053750053048133850e-01,6.974880099296569824e-01,5.164999961853027344e-01
7.342738658189773560e-01,5.122500061988830566e-01,6.968528032302856445e-01,5.189999938011169434e-01
7.345347851514816284e-01,5.081249922513961792e-01,6.967866420745849609e-01,5.170000195503234863e-01
7.231836616992950439e-01,5.126250088214874268e-01,6.963989734649658203e-01,5.195000171661376953e-01
7.220128178596496582e-01,5.182500034570693970e-01,6.935232281684875488e-01,5.254999995231628418e-01
7.152910679578781128e-01,5.232499986886978149e-01,6.904948353767395020e-01,5.389999747276306152e-01
7.152806967496871948e-01,5.250000059604644775e-01,6.901326775550842285e-01,5.529999732971191406e-01
7.072389870882034302e-01,5.396250188350677490e-01,6.911749243736267090e-01,5.404999852180480957e-01
7.101524472236633301e-01,5.252500027418136597e-01,6.893068552017211914e-01,5.389999747276306152e-01
7.038812637329101562e-01,5.352499932050704956e-01,6.884003877639770508e-01,5.479999780654907227e-01
7.025503665208816528e-01,5.399999916553497314e-01,6.910197734832763672e-01,5.460000038146972656e-01
6.996711194515228271e-01,5.479999929666519165e-01,6.869415044784545898e-01,5.534999966621398926e-01
7.007804065942764282e-01,5.347499996423721313e-01,6.866393685340881348e-01,5.504999756813049316e-01
6.940959393978118896e-01,5.463749915361404419e-01,6.865220665931701660e-01,5.559999942779541016e-01
6.921164393424987793e-01,5.616250038146972656e-01,6.853603720664978027e-01,5.600000023841857910e-01
6.879864633083343506e-01,5.590000003576278687e-01,6.821007132530212402e-01,5.625000000000000000e-01
6.879444867372512817e-01,5.597500056028366089e-01,6.847936511039733887e-01,5.580000281333923340e-01
6.895751953125000000e-01,5.669999867677688599e-01,6.821103692054748535e-01,5.649999976158142090e-01
6.841144859790802002e-01,5.659999996423721313e-01,6.808486580848693848e-01,5.640000104904174805e-01
6.855497509241104126e-01,5.707499831914901733e-01,6.798452734947204590e-01,5.680000185966491699e-01
6.795582771301269531e-01,5.778750032186508179e-01,6.781082153320312500e-01,5.755000114440917969e-01
6.778207719326019287e-01,5.876249819993972778e-01,6.808957457542419434e-01,5.649999976158142090e-01
6.807733178138732910e-01,5.727500021457672119e-01,6.761586666107177734e-01,5.780000090599060059e-01
6.732825785875320435e-01,5.863750129938125610e-01,6.754655241966247559e-01,5.755000114440917969e-01
6.738712936639785767e-01,5.927499979734420776e-01,6.752868890762329102e-01,5.835000276565551758e-01
6.717346459627151489e-01,5.903750061988830566e-01,6.726003289222717285e-01,5.820000171661376953e-01
6.690913438796997070e-01,5.997499972581863403e-01,6.787981390953063965e-01,5.839999914169311523e-01
6.711891740560531616e-01,6.012499928474426270e-01,6.708760857582092285e-01,5.830000042915344238e-01
6.680849939584732056e-01,5.992500036954879761e-01,6.712284088134765625e-01,5.989999771118164062e-01
6.661629378795623779e-01,6.082500070333480835e-01,6.716248393058776855e-01,5.895000100135803223e-01
6.631168872117996216e-01,6.062500029802322388e-01,6.710963249206542969e-01,5.950000286102294922e-01
6.627099663019180298e-01,6.078750044107437134e-01,6.656929254531860352e-01,5.939999818801879883e-01
6.578524857759475708e-01,6.114999949932098389e-01,6.655876040458679199e-01,5.989999771118164062e-01
6.622096896171569824e-01,6.106250137090682983e-01,6.645072102546691895e-01,5.960000157356262207e-01
6.592721045017242432e-01,6.141250133514404297e-01,6.624807119369506836e-01,6.069999933242797852e-01
6.530699431896209717e-01,6.281249970197677612e-01,6.630982160568237305e-01,6.100000143051147461e-01
6.531308591365814209e-01,6.221250146627426147e-01,6.620336174964904785e-01,6.054999828338623047e-01
6.559203267097473145e-01,6.192499995231628418e-01,6.692344546318054199e-01,6.000000238418579102e-01
6.497668772935867310e-01,6.250000000000000000e-01,6.612673997879028320e-01,6.060000061988830566e-01
6.477608233690261841e-01,6.295000016689300537e-01,6.586475372314453125e-01,6.165000200271606445e-01
6.511560678482055664e-01,6.266250014305114746e-01,6.634364724159240723e-01,6.075000166893005371e-01
6.527561247348785400e-01,6.257500052452087402e-01,6.603736281394958496e-01,6.100000143051147461e-01
6.485821008682250977e-01,6.267499923706054688e-01,6.558831930160522461e-01,6.134999990463256836e-01
6.494492590427398682e-01,6.303749978542327881e-01,6.561496853828430176e-01,6.125000119209289551e-01
6.482232511043548584e-01,6.293750107288360596e-01,6.628661155700683594e-01,6.069999933242797852e-01
6.439977288246154785e-01,6.368749886751174927e-01,6.575234532356262207e-01,6.165000200271606445e-01
6.398951411247253418e-01,6.362500041723251343e-01,6.546236276626586914e-01,6.200000047683715820e-01
6.428477764129638672e-01,6.364999860525131226e-01,6.571199893951416016e-01,6.150000095367431641e-01
6.417306512594223022e-01,6.354999989271163940e-01,6.517792940139770508e-01,6.240000128746032715e-01
6.380822658538818359e-01,6.389999985694885254e-01,6.529958248138427734e-01,6.209999918937683105e-01
6.384895890951156616e-01,6.395000070333480835e-01,6.516964435577392578e-01,6.230000257492065430e-01
6.344149261713027954e-01,6.492499858140945435e-01,6.502193212509155273e-01,6.205000281333923340e-01
6.349976509809494019e-01,6.485000103712081909e-01,6.513710618019104004e-01,6.315000057220458984e-01
6.320735216140747070e-01,6.502500027418136597e-01,6.504079699516296387e-01,6.274999976158142090e-01
6.335088163614273071e-01,6.446250230073928833e-01,6.531894803047180176e-01,6.184999942779541016e-01
6.315024346113204956e-01,6.513750106096267700e-01,6.485103368759155273e-01,6.255000233650207520e-01
6.322440654039382935e-01,6.508750021457672119e-01,6.554592847824096680e-01,6.230000257492065430e-01
6.343113780021667480e-01,6.490000039339065552e-01,6.483445763587951660e-01,6.179999709129333496e-01
6.327402442693710327e-01,6.525000035762786865e-01,6.496877074241638184e-01,6.190000176429748535e-01
6.284391283988952637e-01,6.537499874830245972e-01,6.486624479293823242e-01,6.315000057220458984e-01
6.252882182598114014e-01,6.617500036954879761e-01,6.499075889587402344e-01,6.305000185966491699e-01
6.291127800941467285e-01,6.524999886751174927e-01,6.508833169937133789e-01,6.259999871253967285e-01
6.251148283481597900e-01,6.591250002384185791e-01,6.473018527030944824e-01,6.269999742507934570e-01
6.234341859817504883e-01,6.642500013113021851e-01,6.498253345489501953e-01,6.269999742507934570e-01
6.257685571908950806e-01,6.643750071525573730e-01,6.525124311447143555e-01,6.320000290870666504e-01
6.272951960563659668e-01,6.574999839067459106e-01,6.477928757667541504e-01,6.269999742507934570e-01
6.257263422012329102e-01,6.615000069141387939e-01,6.506512165069580078e-01,6.284999847412109375e-01
6.220001280307769775e-01,6.638749986886978149e-01,6.481629610061645508e-01,6.234999895095825195e-01
6.185157448053359985e-01,6.636250019073486328e-01,6.480515599250793457e-01,6.290000081062316895e-01
6.215728819370269775e-01,6.623749881982803345e-01,6.513865590095520020e-01,6.294999718666076660e-01
6.184475868940353394e-01,6.667500138282775879e-01,6.474021673202514648e-01,6.259999871253967285e-01
6.172794103622436523e-01,6.675000190734863281e-01,6.529676914215087891e-01,6.334999799728393555e-01
6.135390698909759521e-01,6.733749955892562866e-01,6.469144225120544434e-01,6.290000081062316895e-01
6.138147115707397461e-01,6.706250011920928955e-01,6.472554802894592285e-01,6.309999823570251465e-01
6.148604005575180054e-01,6.681250035762786865e-01,6.494833230972290039e-01,6.315000057220458984e-01
6.132175326347351074e-01,6.698749959468841553e-01,6.510838866233825684e-01,6.265000104904174805e-01
6.145315915346145630e-01,6.679999977350234985e-01,6.561291217803955078e-01,6.290000081062316895e-01
6.136296838521957397e-01,6.703750044107437134e-01,6.469996571540832520e-01,6.194999814033508301e-01
6.104262471199035645e-01,6.748749911785125732e-01,6.550519466400146484e-01,6.409999728202819824e-01
6.125654876232147217e-01,6.757499873638153076e-01,6.460615992546081543e-01,6.250000000000000000e-01
6.105842888355255127e-01,6.805000007152557373e-01,6.484420895576477051e-01,6.294999718666076660e-01
6.078584492206573486e-01,6.771249920129776001e-01,6.527438163757324219e-01,6.330000162124633789e-01
6.103755086660385132e-01,6.762500107288360596e-01,6.519679427146911621e-01,6.265000104904174805e-01
6.140116155147552490e-01,6.710000038146972656e-01,6.514208912849426270e-01,6.274999976158142090e-01
6.068125516176223755e-01,6.771249920129776001e-01,6.548455953598022461e-01,6.159999966621398926e-01
6.059181690216064453e-01,6.847499907016754150e-01,6.516054868698120117e-01,6.294999718666076660e-01
6.031318753957748413e-01,6.825000047683715820e-01,6.472808718681335449e-01,6.294999718666076660e-01
6.063158214092254639e-01,6.797499805688858032e-01,6.538848876953125000e-01,6.320000290870666504e-01
6.023800820112228394e-01,6.905000060796737671e-01,6.501005887985229492e-01,6.265000104904174805e-01
6.012047976255416870e-01,6.846250146627426147e-01,6.528760790824890137e-01,6.309999823570251465e-01
6.029824018478393555e-01,6.819999963045120239e-01,6.595133543014526367e-01,6.320000290870666504e-01
6.025381535291671753e-01,6.851250082254409790e-01,6.509242057800292969e-01,6.190000176429748535e-01
6.028295904397964478e-01,6.827499866485595703e-01,6.663362383842468262e-01,6.389999985694885254e-01
6.029166281223297119e-01,6.859999895095825195e-01,6.494556069374084473e-01,6.215000152587890625e-01
5.972974449396133423e-01,6.896249949932098389e-01,6.608118414878845215e-01,6.349999904632568359e-01
5.984217226505279541e-01,6.887500137090682983e-01,6.546671986579895020e-01,6.234999895095825195e-01
6.000465750694274902e-01,6.861249953508377075e-01,6.575597524642944336e-01,6.294999718666076660e-01
5.994688123464584351e-01,6.863749921321868896e-01,6.507610082626342773e-01,6.299999952316284180e-01
5.938773453235626221e-01,6.946250051259994507e-01,6.534336209297180176e-01,6.324999928474426270e-01
5.873478800058364868e-01,6.993749886751174927e-01,6.488743424415588379e-01,6.299999952316284180e-01
5.936174094676971436e-01,6.973749995231628418e-01,6.567503809928894043e-01,6.384999752044677734e-01
5.863609910011291504e-01,6.978750079870223999e-01,6.526644229888916016e-01,6.324999928474426270e-01
5.906406641006469727e-01,6.927499920129776001e-01,6.582565903663635254e-01,6.374999880790710449e-01
5.906791687011718750e-01,6.962500065565109253e-01,6.601414680480957031e-01,6.334999799728393555e-01
5.917318761348724365e-01,6.922499984502792358e-01,6.603618860244750977e-01,6.355000138282775879e-01
5.857460945844650269e-01,6.996250003576278687e-01,6.500139832496643066e-01,6.255000233650207520e-01
5.801805108785629272e-01,7.046249806880950928e-01,6.560182571411132812e-01,6.380000114440917969e-01
5.858915895223617554e-01,7.001249939203262329e-01,6.499834656715393066e-01,6.330000162124633789e-01
5.852456390857696533e-01,7.002499997615814209e-01,6.590514779090881348e-01,6.259999871253967285e-01
5.856655091047286987e-01,7.023749947547912598e-01,6.516075730323791504e-01,6.284999847412109375e-01
5.813723206520080566e-01,7.002499997615814209e-01,6.528273820877075195e-01,6.294999718666076660e-01
5.871179252862930298e-01,6.979999989271163940e-01,6.576311588287353516e-01,6.340000033378601074e-01
5.806930363178253174e-01,7.029999941587448120e-01,6.522073745727539062e-01,6.315000057220458984e-01
5.824815034866333008e-01,7.015000134706497192e-01,6.593449711799621582e-01,6.414999961853027344e-01
5.834674388170242310e-01,6.984999924898147583e-01,6.519333720207214355e-01,6.200000047683715820e-01
5.813324451446533203e-01,7.027499973773956299e-01,6.568042635917663574e-01,6.274999976158142090e-01
5.749914646148681641e-01,7.075000107288360596e-01,6.546179652214050293e-01,6.334999799728393555e-01
5.747569352388381958e-01,7.102499902248382568e-01,6.534765362739562988e-01,6.255000233650207520e-01
5.739977508783340454e-01,7.068749964237213135e-01,6.650381088256835938e-01,6.265000104904174805e-01
5.762104988098144531e-01,7.088750153779983521e-01,6.621946692466735840e-01,6.215000152587890625e-01
5.767960399389266968e-01,7.066249996423721313e-01,6.697449684143066406e-01,6.215000152587890625e-01
5.767323970794677734e-01,7.057500034570693970e-01,6.598443388938903809e-01,6.269999742507934570e-01
5.752253979444503784e-01,7.109999954700469971e-01,6.632019877433776855e-01,6.315000057220458984e-01
5.814022868871688843e-01,7.043749988079071045e-01,6.719705462455749512e-01,6.439999938011169434e-01
5.825657397508621216e-01,7.021249979734420776e-01,6.555462479591369629e-01,6.230000257492065430e-01
5.692871659994125366e-01,7.153749912977218628e-01,6.567242145538330078e-01,6.244999766349792480e-01
5.692782998085021973e-01,7.177499979734420776e-01,6.598038673400878906e-01,6.359999775886535645e-01
5.669744461774826050e-01,7.158750146627426147e-01,6.557898521423339844e-01,6.259999871253967285e-01
5.719851851463317871e-01,7.133750021457672119e-01,6.684294342994689941e-01,6.355000138282775879e-01
5.719889849424362183e-01,7.080000191926956177e-01,6.676036715507507324e-01,6.370000243186950684e-01
5.676091909408569336e-01,7.108750045299530029e-01,6.659192442893981934e-01,6.384999752044677734e-01
5.724640488624572754e-01,7.113749980926513672e-01,6.659042239189147949e-01,6.269999742507934570e-01
5.648198723793029785e-01,7.213750034570693970e-01,6.583807468414306641e-01,6.205000281333923340e-01
5.610978901386260986e-01,7.212499976158142090e-01,6.633483171463012695e-01,6.250000000000000000e-01
5.653534531593322754e-01,7.171249985694885254e-01,6.626119017601013184e-01,6.324999928474426270e-01
5.645101964473724365e-01,7.136249989271163940e-01,6.648274660110473633e-01,6.309999823570251465e-01
5.580369085073471069e-01,7.252500057220458984e-01,6.587297320365905762e-01,6.334999799728393555e-01
5.549475997686386108e-01,7.245000004768371582e-01,6.795595884323120117e-01,6.334999799728393555e-01
5.595203638076782227e-01,7.233750075101852417e-01,6.643440127372741699e-01,6.340000033378601074e-01
5.573166310787200928e-01,7.243749946355819702e-01,6.759768128395080566e-01,6.365000009536743164e-01
5.566114038228988647e-01,7.263749986886978149e-01,6.584945321083068848e-01,6.355000138282775879e-01
5.509550720453262329e-01,7.302499860525131226e-01,6.727137565612792969e-01,6.315000057220458984e-01
5.581149756908416748e-01,7.252500057220458984e-01,6.684947013854980469e-01,6.359999775886535645e-01
5.583466440439224243e-01,7.246249914169311523e-01,6.678398251533508301e-01,6.349999904632568359e-01
5.578891485929489136e-01,7.255000025033950806e-01,6.743432879447937012e-01,6.374999880790710449e-01
5.571978539228439331e-01,7.262499928474426270e-01,6.610683202743530273e-01,6.334999799728393555e-01
5.504519045352935791e-01,7.330000102519989014e-01,6.659613251686096191e-01,6.409999728202819824e-01
5.515111684799194336e-01,7.276250123977661133e-01,6.709101200103759766e-01,6.424999833106994629e-01
5.452850162982940674e-01,7.340000122785568237e-01,6.636930704116821289e-01,6.294999718666076660e-01
