6.933369934558868408e-01,5.062499977648258209e-01,6.925611495971679688e-01,5.185000002384185791e-01
6.932357028126716614e-01,4.992500022053718567e-01,6.929232478141784668e-01,5.185000002384185791e-01
6.930605471134185791e-01,5.074999928474426270e-01,6.927681863307952881e-01,5.185000002384185791e-01
6.928706765174865723e-01,5.118749961256980896e-01,6.926766335964202881e-01,5.185000002384185791e-01
6.934252977371215820e-01,5.083749927580356598e-01,6.927309930324554443e-01,5.185000002384185791e-01
6.931097656488418579e-01,5.021250061690807343e-01,6.928867697715759277e-01,5.185000002384185791e-01
6.929774582386016846e-01,5.073750019073486328e-01,6.928111016750335693e-01,5.185000002384185791e-01
6.930460780858993530e-01,4.993750005960464478e-01,6.928784251213073730e-01,5.185000002384185791e-01
6.930233314633369446e-01,5.044999979436397552e-01,6.928553581237792969e-01,5.185000002384185791e-01
6.931281462311744690e-01,5.073750019073486328e-01,6.925841569900512695e-01,5.185000002384185791e-01
6.929950863122940063e-01,5.071250014007091522e-01,6.929681301116943359e-01,5.185000002384185791e-01
6.930960491299629211e-01,5.033749975264072418e-01,6.929992437362670898e-01,5.185000002384185791e-01
6.931181252002716064e-01,5.063749961555004120e-01,6.925589442253112793e-01,5.185000002384185791e-01
6.930431127548217773e-01,5.069999955594539642e-01,6.928551495075225830e-01,5.185000002384185791e-01
6.930012553930282593e-01,5.073750056326389313e-01,6.929162144660949707e-01,5.185000002384185791e-01
6.931004375219345093e-01,4.972499944269657135e-01,6.928874850273132324e-01,5.185000002384185791e-01
6.928150653839111328e-01,5.089999996125698090e-01,6.929431557655334473e-01,5.180000066757202148e-01
6.924365758895874023e-01,5.042499974370002747e-01,6.965050995349884033e-01,5.185000002384185791e-01
6.930710375308990479e-01,5.067500099539756775e-01,6.925018727779388428e-01,5.164999961853027344e-01
6.934655159711837769e-01,5.066249854862689972e-01,6.926601231098175049e-01,5.185000002384185791e-01
6.931228265166282654e-01,5.047499984502792358e-01,6.932100951671600342e-01,4.820000082254409790e-01
6.933532431721687317e-01,4.944999963045120239e-01,6.930576562881469727e-01,5.205000042915344238e-01
6.932842507958412170e-01,5.023750066757202148e-01,6.924882531166076660e-01,5.185000002384185791e-01
6.930661201477050781e-01,5.079999975860118866e-01,6.925860345363616943e-01,5.185000002384185791e-01
6.931246444582939148e-01,5.030000023543834686e-01,6.929948031902313232e-01,5.210000276565551758e-01
6.930661872029304504e-01,5.078749917447566986e-01,6.926339268684387207e-01,5.185000002384185791e-01
6.927891671657562256e-01,5.098750032484531403e-01,6.925666332244873047e-01,5.185000002384185791e-01
6.929028406739234924e-01,5.071249939501285553e-01,6.925794184207916260e-01,5.185000002384185791e-01
6.928433030843734741e-01,5.062500014901161194e-01,6.927701830863952637e-01,5.209999978542327881e-01
6.929016634821891785e-01,5.105000026524066925e-01,6.926367878913879395e-01,5.205000042915344238e-01
6.925330981612205505e-01,5.119999945163726807e-01,6.927494704723358154e-01,5.205000042915344238e-01
6.930282488465309143e-01,5.028750002384185791e-01,6.928960978984832764e-01,5.190000236034393311e-01
6.929182931780815125e-01,5.033750049769878387e-01,6.928722858428955078e-01,5.129999816417694092e-01
6.934765279293060303e-01,5.028750039637088776e-01,6.934527158737182617e-01,5.169999897480010986e-01
6.931030452251434326e-01,5.067500025033950806e-01,6.928243637084960938e-01,5.135000050067901611e-01
6.930884867906570435e-01,5.054999999701976776e-01,6.925785541534423828e-01,5.185000002384185791e-01
6.932017505168914795e-01,5.057500042021274567e-01,6.927794218063354492e-01,5.175000131130218506e-01
6.930598765611648560e-01,5.061249993741512299e-01,6.927536427974700928e-01,5.194999873638153076e-01
6.932082548737525940e-01,4.962499924004077911e-01,6.925844848155975342e-01,5.209999978542327881e-01
6.931622549891471863e-01,5.061249956488609314e-01,6.926815211772918701e-01,5.209999978542327881e-01
6.931021884083747864e-01,5.011249929666519165e-01,6.928145885467529297e-01,5.209999978542327881e-01
6.930901110172271729e-01,5.068750008940696716e-01,6.927184760570526123e-01,5.200000107288360596e-01
6.929707527160644531e-01,5.002500005066394806e-01,6.926926970481872559e-01,5.209999978542327881e-01
6.930933594703674316e-01,5.032499954104423523e-01,6.925908923149108887e-01,5.185000002384185791e-01
6.929592490196228027e-01,5.046250037848949432e-01,6.927523314952850342e-01,5.200000107288360596e-01
6.929323300719261169e-01,5.047500021755695343e-01,6.926733553409576416e-01,5.189999938011169434e-01
6.928709670901298523e-01,5.107500031590461731e-01,6.928474605083465576e-01,5.169999897480010986e-01
6.928160041570663452e-01,5.042499899864196777e-01,6.930949091911315918e-01,5.129999965429306030e-01
6.925733014941215515e-01,5.082499980926513672e-01,6.935131549835205078e-01,5.139999985694885254e-01
6.934096738696098328e-01,5.027499943971633911e-01,6.942986547946929932e-01,5.250000059604644775e-01
6.943385079503059387e-01,4.975000023841857910e-01,6.928175389766693115e-01,5.174999833106994629e-01
6.934437230229377747e-01,5.085000060498714447e-01,6.929256618022918701e-01,5.185000002384185791e-01
6.931718364357948303e-01,5.016250014305114746e-01,6.930385231971740723e-01,5.120000094175338745e-01
6.929793506860733032e-01,5.083749927580356598e-01,6.929480731487274170e-01,5.149999856948852539e-01
6.930198222398757935e-01,5.079999975860118866e-01,6.929807364940643311e-01,5.149999856948852539e-01
6.930112913250923157e-01,5.081249997019767761e-01,6.931829750537872314e-01,5.125000029802322388e-01
6.931415498256683350e-01,5.046250112354755402e-01,6.933007240295410156e-01,5.129999965429306030e-01
6.928547099232673645e-01,5.048749968409538269e-01,6.934606134891510010e-01,5.125000029802322388e-01
6.929514259099960327e-01,5.047499947249889374e-01,6.937292516231536865e-01,5.139999985694885254e-01
6.925985291600227356e-01,5.147499963641166687e-01,6.939738690853118896e-01,5.209999978542327881e-01
6.932083293795585632e-01,5.002500042319297791e-01,6.936936080455780029e-01,5.225000083446502686e-01
6.927827075123786926e-01,5.103750005364418030e-01,6.936277151107788086e-01,5.150000154972076416e-01
6.933377683162689209e-01,5.081249997019767761e-01,6.932901144027709961e-01,5.205000042915344238e-01
6.928214430809020996e-01,5.034999959170818329e-01,6.937719285488128662e-01,5.209999978542327881e-01
6.933552995324134827e-01,4.950000010430812836e-01,6.939439177513122559e-01,5.155000090599060059e-01
6.929866150021553040e-01,5.035000033676624298e-01,6.935706734657287598e-01,5.129999816417694092e-01
6.930458843708038330e-01,5.071250014007091522e-01,6.928263604640960693e-01,5.164999961853027344e-01
6.930680051445960999e-01,5.066250003874301910e-01,6.928000152111053467e-01,5.174999833106994629e-01
6.931423470377922058e-01,5.015000030398368835e-01,6.930630505084991455e-01,5.175000131130218506e-01
6.929809600114822388e-01,5.057499967515468597e-01,6.930585503578186035e-01,5.180000066757202148e-01
6.929910480976104736e-01,5.065000057220458984e-01,6.929856240749359131e-01,5.185000002384185791e-01
6.930271163582801819e-01,5.049999989569187164e-01,6.930498480796813965e-01,5.185000002384185791e-01
6.929819881916046143e-01,5.042500011622905731e-01,6.930840611457824707e-01,5.185000002384185791e-01
6.930242702364921570e-01,5.056249983608722687e-01,6.931257545948028564e-01,5.185000002384185791e-01
6.930200979113578796e-01,5.053750015795230865e-01,6.932117938995361328e-01,5.135000050067901611e-01
6.927260905504226685e-01,5.052499957382678986e-01,6.932993531227111816e-01,5.139999985694885254e-01
6.930016800761222839e-01,5.087500065565109253e-01,6.933978199958801270e-01,5.134999901056289673e-01
6.932123824954032898e-01,5.012500025331974030e-01,6.935430467128753662e-01,5.134999901056289673e-01
6.931490749120712280e-01,5.056250058114528656e-01,6.936202645301818848e-01,5.194999873638153076e-01
6.929159834980964661e-01,5.106249973177909851e-01,6.934897005558013916e-01,5.150000005960464478e-01
6.928457692265510559e-01,5.088749974966049194e-01,6.935546100139617920e-01,5.124999880790710449e-01
6.927769854664802551e-01,5.063749998807907104e-01,6.936341226100921631e-01,5.124999880790710449e-01
6.931047514081001282e-01,5.071249939501285553e-01,6.940408647060394287e-01,5.214999914169311523e-01
6.925920844078063965e-01,5.074999928474426270e-01,6.937175691127777100e-01,5.209999978542327881e-01
6.926359534263610840e-01,5.048749968409538269e-01,6.934491693973541260e-01,5.270000100135803223e-01
6.931629255414009094e-01,5.057499967515468597e-01,6.933198571205139160e-01,5.169999897480010986e-01
6.928221806883811951e-01,5.090000070631504059e-01,6.934639811515808105e-01,5.164999812841415405e-01
6.928794980049133301e-01,5.046249926090240479e-01,6.936507523059844971e-01,5.189999938011169434e-01
6.927805468440055847e-01,5.097500048577785492e-01,6.936933696269989014e-01,5.200000107288360596e-01
6.926552280783653259e-01,5.083749964833259583e-01,6.941241323947906494e-01,5.199999809265136719e-01
6.927592456340789795e-01,5.088750049471855164e-01,6.939521729946136475e-01,5.179999768733978271e-01
6.928705796599388123e-01,5.046250000596046448e-01,6.930902600288391113e-01,5.185000002384185791e-01
6.929871365427970886e-01,5.027499981224536896e-01,6.931525766849517822e-01,5.180000066757202148e-01
6.928369328379631042e-01,5.063750036060810089e-01,6.933584213256835938e-01,5.145000070333480835e-01
6.929175555706024170e-01,5.071250051259994507e-01,6.935811042785644531e-01,5.135000050067901611e-01
6.922091394662857056e-01,5.124999880790710449e-01,6.937758922576904297e-01,5.264999866485595703e-01
6.927814558148384094e-01,5.052500106394290924e-01,6.930068135261535645e-01,5.250000059604644775e-01
6.927853673696517944e-01,5.068750083446502686e-01,6.938053071498870850e-01,5.170000046491622925e-01
6.927279829978942871e-01,5.041249953210353851e-01,6.937144994735717773e-01,5.189999938011169434e-01
6.928728744387626648e-01,5.083750002086162567e-01,6.930873990058898926e-01,5.189999938011169434e-01
