6.931195855140686035e-01,5.057500079274177551e-01,6.929462552070617676e-01,5.184999704360961914e-01
6.930428743362426758e-01,5.076249986886978149e-01,6.928281188011169434e-01,5.184999704360961914e-01
6.930586993694305420e-01,5.075000077486038208e-01,6.927406787872314453e-01,5.184999704360961914e-01
6.929866820573806763e-01,5.075000002980232239e-01,6.927010416984558105e-01,5.184999704360961914e-01
6.930214762687683105e-01,5.076250061392784119e-01,6.926705241203308105e-01,5.184999704360961914e-01
6.930381804704666138e-01,5.076250061392784119e-01,6.926660537719726562e-01,5.184999704360961914e-01
6.930184513330459595e-01,5.077499970793724060e-01,6.926692128181457520e-01,5.184999704360961914e-01
6.930283308029174805e-01,5.077500045299530029e-01,6.926821470260620117e-01,5.184999704360961914e-01
6.930678635835647583e-01,5.076250061392784119e-01,6.927038431167602539e-01,5.184999704360961914e-01
6.929696351289749146e-01,5.076250061392784119e-01,6.926953196525573730e-01,5.184999704360961914e-01
6.930257678031921387e-01,5.076250210404396057e-01,6.927071809768676758e-01,5.184999704360961914e-01
6.929829865694046021e-01,5.077499896287918091e-01,6.927165389060974121e-01,5.184999704360961914e-01
6.930422335863113403e-01,5.076250135898590088e-01,6.927464008331298828e-01,5.184999704360961914e-01
6.930247396230697632e-01,5.076250061392784119e-01,6.927416324615478516e-01,5.184999704360961914e-01
6.930044591426849365e-01,5.075000002980232239e-01,6.927479505538940430e-01,5.184999704360961914e-01
6.930268406867980957e-01,5.076249912381172180e-01,6.927457451820373535e-01,5.184999704360961914e-01
6.929126977920532227e-01,5.076249986886978149e-01,6.927702426910400391e-01,5.184999704360961914e-01
6.929664313793182373e-01,5.076249986886978149e-01,6.927691698074340820e-01,5.184999704360961914e-01
6.930087804794311523e-01,5.076249912381172180e-01,6.927677392959594727e-01,5.184999704360961914e-01
6.929477602243423462e-01,5.076249986886978149e-01,6.927651166915893555e-01,5.184999704360961914e-01
6.929734200239181519e-01,5.076249912381172180e-01,6.927725672721862793e-01,5.184999704360961914e-01
6.930215656757354736e-01,5.076249986886978149e-01,6.927932500839233398e-01,5.184999704360961914e-01
6.929410398006439209e-01,5.076249986886978149e-01,6.928107738494873047e-01,5.184999704360961914e-01
6.929914504289627075e-01,5.074999928474426270e-01,6.927946805953979492e-01,5.184999704360961914e-01
6.929522156715393066e-01,5.073749944567680359e-01,6.928139328956604004e-01,5.184999704360961914e-01
6.929825246334075928e-01,5.076249986886978149e-01,6.928380131721496582e-01,5.184999704360961914e-01
6.929200887680053711e-01,5.075000077486038208e-01,6.928298473358154297e-01,5.184999704360961914e-01
6.929491311311721802e-01,5.078749954700469971e-01,6.928419470787048340e-01,5.184999704360961914e-01
6.927814185619354248e-01,5.075000077486038208e-01,6.928290724754333496e-01,5.184999704360961914e-01
6.928213536739349365e-01,5.076249912381172180e-01,6.928265094757080078e-01,5.184999704360961914e-01
6.929375678300857544e-01,5.077499896287918091e-01,6.928932070732116699e-01,5.184999704360961914e-01
6.929151713848114014e-01,5.071249902248382568e-01,6.929852962493896484e-01,5.184999704360961914e-01
6.929293721914291382e-01,5.061249881982803345e-01,6.930794119834899902e-01,5.184999704360961914e-01
6.929903030395507812e-01,5.046250149607658386e-01,6.930091977119445801e-01,5.184999704360961914e-01
6.928175240755081177e-01,5.076249986886978149e-01,6.930176615715026855e-01,5.184999704360961914e-01
6.929479539394378662e-01,5.082500055432319641e-01,6.930748820304870605e-01,5.184999704360961914e-01
6.927736997604370117e-01,5.080000013113021851e-01,6.929911971092224121e-01,5.180000066757202148e-01
6.926402002573013306e-01,5.084999948740005493e-01,6.929152607917785645e-01,5.184999704360961914e-01
6.925649046897888184e-01,5.092500001192092896e-01,6.930491924285888672e-01,5.184999704360961914e-01
6.920563876628875732e-01,5.073750019073486328e-01,6.914711594581604004e-01,5.429999828338623047e-01
6.874523907899856567e-01,5.291250050067901611e-01,6.769056916236877441e-01,5.960000157356262207e-01
6.732680946588516235e-01,6.051249951124191284e-01,6.585624814033508301e-01,6.269999742507934570e-01
6.536490321159362793e-01,6.402499973773956299e-01,6.498392224311828613e-01,6.269999742507934570e-01
6.339577734470367432e-01,6.531250029802322388e-01,6.304998993873596191e-01,6.539999842643737793e-01
6.139923334121704102e-01,6.780000030994415283e-01,6.214061975479125977e-01,6.850000023841857910e-01
5.912505835294723511e-01,7.053750008344650269e-01,5.980330109596252441e-01,7.020000219345092773e-01
5.783410966396331787e-01,7.193749994039535522e-01,6.161013841629028320e-01,6.945000290870666504e-01
5.771807730197906494e-01,7.243750095367431641e-01,5.675005912780761719e-01,7.229999899864196777e-01
5.586595833301544189e-01,7.343750149011611938e-01,5.686826705932617188e-01,7.260000109672546387e-01
5.484940856695175171e-01,7.478750050067901611e-01,5.640522241592407227e-01,7.254999876022338867e-01
5.391086488962173462e-01,7.516249865293502808e-01,5.523625612258911133e-01,7.375000119209289551e-01
5.363983362913131714e-01,7.532500028610229492e-01,5.458313226699829102e-01,7.394999861717224121e-01
5.306899547576904297e-01,7.562500089406967163e-01,5.508141517639160156e-01,7.390000224113464355e-01
5.303277671337127686e-01,7.522499859333038330e-01,5.386542677879333496e-01,7.444999814033508301e-01
5.206732302904129028e-01,7.608750015497207642e-01,5.351739525794982910e-01,7.429999709129333496e-01
5.176767706871032715e-01,7.650000005960464478e-01,5.354071855545043945e-01,7.459999918937683105e-01
5.144355893135070801e-01,7.650000005960464478e-01,5.337361693382263184e-01,7.459999918937683105e-01
5.131161659955978394e-01,7.693750113248825073e-01,5.298883318901062012e-01,7.505000233650207520e-01
5.090760141611099243e-01,7.695000022649765015e-01,5.258926749229431152e-01,7.524999976158142090e-01
5.019693672657012939e-01,7.741249948740005493e-01,5.220755934715270996e-01,7.534999847412109375e-01
5.021367892622947693e-01,7.717499881982803345e-01,5.215912461280822754e-01,7.555000185966491699e-01
4.995723888278007507e-01,7.733750194311141968e-01,5.175527334213256836e-01,7.630000114440917969e-01
4.993795603513717651e-01,7.771249860525131226e-01,5.130513310432434082e-01,7.630000114440917969e-01
4.946423172950744629e-01,7.752500027418136597e-01,5.127596259117126465e-01,7.659999728202819824e-01
4.924303069710731506e-01,7.816250026226043701e-01,5.157342553138732910e-01,7.555000185966491699e-01
4.919220954179763794e-01,7.767499983310699463e-01,5.097704529762268066e-01,7.655000090599060059e-01
4.820916354656219482e-01,7.837499976158142090e-01,5.035439133644104004e-01,7.649999856948852539e-01
4.848237112164497375e-01,7.830000072717666626e-01,5.159943699836730957e-01,7.565000057220458984e-01
4.819751903414726257e-01,7.805000096559524536e-01,4.990183711051940918e-01,7.649999856948852539e-01
4.794237166643142700e-01,7.849999964237213135e-01,5.016691684722900391e-01,7.634999752044677734e-01
4.735935106873512268e-01,7.887499928474426270e-01,4.978263378143310547e-01,7.684999704360961914e-01
4.714407473802566528e-01,7.893749922513961792e-01,5.076736211776733398e-01,7.624999880790710449e-01
4.785919487476348877e-01,7.857500165700912476e-01,4.965234994888305664e-01,7.714999914169311523e-01
4.711111262440681458e-01,7.929999977350234985e-01,4.889017343521118164e-01,7.684999704360961914e-01
4.660577923059463501e-01,7.918750047683715820e-01,4.979765713214874268e-01,7.699999809265136719e-01
4.687160104513168335e-01,7.906249910593032837e-01,4.842324852943420410e-01,7.724999785423278809e-01
4.682525545358657837e-01,7.911249995231628418e-01,4.877908527851104736e-01,7.730000019073486328e-01
4.686677232384681702e-01,7.914999872446060181e-01,4.796208739280700684e-01,7.764999866485595703e-01
4.571080282330513000e-01,7.957500070333480835e-01,4.987280368804931641e-01,7.754999995231628418e-01
4.554269239306449890e-01,8.012499958276748657e-01,4.844585657119750977e-01,7.764999866485595703e-01
4.564069807529449463e-01,7.966250032186508179e-01,4.853897094726562500e-01,7.789999842643737793e-01
4.508028924465179443e-01,7.982500046491622925e-01,4.747461974620819092e-01,7.764999866485595703e-01
4.448063820600509644e-01,8.015000075101852417e-01,4.739416241645812988e-01,7.789999842643737793e-01
4.452724009752273560e-01,8.001250028610229492e-01,4.711388945579528809e-01,7.795000076293945312e-01
4.431709870696067810e-01,8.018750101327896118e-01,4.696620404720306396e-01,7.745000123977661133e-01
4.405470490455627441e-01,8.058750182390213013e-01,4.692449867725372314e-01,7.804999947547912598e-01
4.335500299930572510e-01,8.080000132322311401e-01,4.652457833290100098e-01,7.829999923706054688e-01
4.318907111883163452e-01,8.096249997615814209e-01,4.638191461563110352e-01,7.829999923706054688e-01
4.311568811535835266e-01,8.095000088214874268e-01,4.687801599502563477e-01,7.879999876022338867e-01
4.382123276591300964e-01,8.071250021457672119e-01,4.597894251346588135e-01,7.850000262260437012e-01
4.334673807024955750e-01,8.101249933242797852e-01,4.584836065769195557e-01,7.864999771118164062e-01
4.266914054751396179e-01,8.120000064373016357e-01,4.581105113029479980e-01,7.785000205039978027e-01
4.223530516028404236e-01,8.129999935626983643e-01,4.667475819587707520e-01,7.795000076293945312e-01
4.281461909413337708e-01,8.107500076293945312e-01,4.578225016593933105e-01,7.804999947547912598e-01
4.220061600208282471e-01,8.146249949932098389e-01,4.540166258811950684e-01,7.975000143051147461e-01
4.176735356450080872e-01,8.170000016689300537e-01,4.682556390762329102e-01,7.885000109672546387e-01
4.265291169285774231e-01,8.102499991655349731e-01,4.586477577686309814e-01,7.889999747276306152e-01
4.216634705662727356e-01,8.155000060796737671e-01,4.567520022392272949e-01,8.000000119209289551e-01
4.189955219626426697e-01,8.160000145435333252e-01,4.497841298580169678e-01,7.944999933242797852e-01
4.161343127489089966e-01,8.206249922513961792e-01,4.552896022796630859e-01,7.940000295639038086e-01
4.133528694510459900e-01,8.204999864101409912e-01,4.501936435699462891e-01,7.935000061988830566e-01
4.084425792098045349e-01,8.223750144243240356e-01,4.426546990871429443e-01,8.009999990463256836e-01
4.096545726060867310e-01,8.178749978542327881e-01,4.517153501510620117e-01,7.954999804496765137e-01
4.127569869160652161e-01,8.170000016689300537e-01,4.383994042873382568e-01,8.009999990463256836e-01
4.110080227255821228e-01,8.193750083446502686e-01,4.435153901576995850e-01,7.885000109672546387e-01
4.038468152284622192e-01,8.217500001192092896e-01,4.388639032840728760e-01,7.894999980926513672e-01
4.082264751195907593e-01,8.200000077486038208e-01,4.499736428260803223e-01,7.889999747276306152e-01
4.049035012722015381e-01,8.256250023841857910e-01,4.334196448326110840e-01,7.975000143051147461e-01
4.031668677926063538e-01,8.249999880790710449e-01,4.316142201423645020e-01,8.034999966621398926e-01
4.066586643457412720e-01,8.191250115633010864e-01,4.389210045337677002e-01,7.990000247955322266e-01
4.032980129122734070e-01,8.232499957084655762e-01,4.422849118709564209e-01,8.034999966621398926e-01
4.010095074772834778e-01,8.286250084638595581e-01,4.362996816635131836e-01,8.004999756813049316e-01
3.970897495746612549e-01,8.259999901056289673e-01,4.577475190162658691e-01,7.944999933242797852e-01
4.071855172514915466e-01,8.221249878406524658e-01,4.283874630928039551e-01,8.029999732971191406e-01
3.934407085180282593e-01,8.287499994039535522e-01,4.278167784214019775e-01,8.015000224113464355e-01
3.881489783525466919e-01,8.331249952316284180e-01,4.324305355548858643e-01,8.025000095367431641e-01
3.875650763511657715e-01,8.318749964237213135e-01,4.369471371173858643e-01,7.950000166893005371e-01
3.901871740818023682e-01,8.318750113248825073e-01,4.301996231079101562e-01,8.000000119209289551e-01
3.845006823539733887e-01,8.360000103712081909e-01,4.246483445167541504e-01,8.059999942779541016e-01
3.843452855944633484e-01,8.348749876022338867e-01,4.432439804077148438e-01,8.009999990463256836e-01
3.888323903083801270e-01,8.303749859333038330e-01,4.205850660800933838e-01,8.134999871253967285e-01
3.817596212029457092e-01,8.362499922513961792e-01,4.176732301712036133e-01,8.094999790191650391e-01
3.764764145016670227e-01,8.402500003576278687e-01,4.224540293216705322e-01,8.134999871253967285e-01
3.753192350268363953e-01,8.397500067949295044e-01,4.143233895301818848e-01,8.119999766349792480e-01
3.747022897005081177e-01,8.398749828338623047e-01,4.202614426612854004e-01,8.174999952316284180e-01
3.717221766710281372e-01,8.431250005960464478e-01,4.236743450164794922e-01,8.069999814033508301e-01
3.788134232163429260e-01,8.371250033378601074e-01,4.296788275241851807e-01,8.029999732971191406e-01
3.906060159206390381e-01,8.302500098943710327e-01,4.134803712368011475e-01,8.134999871253967285e-01
3.997793197631835938e-01,8.229999989271163940e-01,4.509637355804443359e-01,7.990000247955322266e-01
3.925627171993255615e-01,8.279999941587448120e-01,4.675524234771728516e-01,7.969999909400939941e-01
3.896188437938690186e-01,8.344999998807907104e-01,4.339945912361145020e-01,8.065000176429748535e-01
4.017107784748077393e-01,8.297500014305114746e-01,4.135210216045379639e-01,8.140000104904174805e-01
3.935538828372955322e-01,8.400000035762786865e-01,4.145897924900054932e-01,8.125000000000000000e-01
3.758854418992996216e-01,8.441250026226043701e-01,4.264577627182006836e-01,8.134999871253967285e-01
3.746637105941772461e-01,8.410000056028366089e-01,4.079906046390533447e-01,8.180000185966491699e-01
3.652299866080284119e-01,8.473750054836273193e-01,4.258248209953308105e-01,8.169999718666076660e-01
3.673506453633308411e-01,8.462499976158142090e-01,4.046494066715240479e-01,8.174999952316284180e-01
3.725006133317947388e-01,8.403749912977218628e-01,4.118881225585937500e-01,8.165000081062316895e-01
3.808172941207885742e-01,8.398749977350234985e-01,4.830501675605773926e-01,7.829999923706054688e-01
4.022222161293029785e-01,8.313750028610229492e-01,4.278249442577362061e-01,8.044999837875366211e-01
3.850353807210922241e-01,8.297500014305114746e-01,4.525388479232788086e-01,7.944999933242797852e-01
3.781649097800254822e-01,8.372500091791152954e-01,4.337065815925598145e-01,8.019999861717224121e-01
3.765787035226821899e-01,8.367500007152557373e-01,4.688869714736938477e-01,7.919999957084655762e-01
3.813497647643089294e-01,8.347499966621398926e-01,4.384997487068176270e-01,8.015000224113464355e-01
3.841642811894416809e-01,8.326250165700912476e-01,4.295149445533752441e-01,8.084999918937683105e-01
3.870228007435798645e-01,8.288750052452087402e-01,4.119661450386047363e-01,8.130000233650207520e-01
3.889214470982551575e-01,8.319999873638153076e-01,4.081540405750274658e-01,8.159999847412109375e-01
3.740508109331130981e-01,8.420000076293945312e-01,4.167113602161407471e-01,8.125000000000000000e-01
3.703569993376731873e-01,8.427499979734420776e-01,4.251334965229034424e-01,8.119999766349792480e-01
3.694116547703742981e-01,8.396250158548355103e-01,4.287111163139343262e-01,8.125000000000000000e-01
