6.931593418121337891e-01,5.042499974370002747e-01,6.930191516876220703e-01,5.184999704360961914e-01
6.930559873580932617e-01,5.072500109672546387e-01,6.928923726081848145e-01,5.184999704360961914e-01
6.930246055126190186e-01,5.075000077486038208e-01,6.928209662437438965e-01,5.184999704360961914e-01
6.930374503135681152e-01,5.075000002980232239e-01,6.927497386932373047e-01,5.184999704360961914e-01
6.929834187030792236e-01,5.075000077486038208e-01,6.927009820938110352e-01,5.184999704360961914e-01
6.929729878902435303e-01,5.076250061392784119e-01,6.926426291465759277e-01,5.184999704360961914e-01
6.929984688758850098e-01,5.075000002980232239e-01,6.926450133323669434e-01,5.184999704360961914e-01
6.929729878902435303e-01,5.077499821782112122e-01,6.926383376121520996e-01,5.184999704360961914e-01
6.929854452610015869e-01,5.076250061392784119e-01,6.926546096801757812e-01,5.184999704360961914e-01
6.929958164691925049e-01,5.076249986886978149e-01,6.927011609077453613e-01,5.184999704360961914e-01
6.929740011692047119e-01,5.077499896287918091e-01,6.927101016044616699e-01,5.184999704360961914e-01
6.930273324251174927e-01,5.076250061392784119e-01,6.927267909049987793e-01,5.184999704360961914e-01
6.929642558097839355e-01,5.077500119805335999e-01,6.927480101585388184e-01,5.184999704360961914e-01
6.929980516433715820e-01,5.077499970793724060e-01,6.927078962326049805e-01,5.184999704360961914e-01
6.929756850004196167e-01,5.076249986886978149e-01,6.927098631858825684e-01,5.184999704360961914e-01
6.929911971092224121e-01,5.076249912381172180e-01,6.927416324615478516e-01,5.184999704360961914e-01
6.929816454648971558e-01,5.076249986886978149e-01,6.927535533905029297e-01,5.184999704360961914e-01
6.929602622985839844e-01,5.076250061392784119e-01,6.927631497383117676e-01,5.184999704360961914e-01
6.929148882627487183e-01,5.076249986886978149e-01,6.928179860115051270e-01,5.184999704360961914e-01
6.929098367691040039e-01,5.076249986886978149e-01,6.928466558456420898e-01,5.184999704360961914e-01
6.929779797792434692e-01,5.075000077486038208e-01,6.928534507751464844e-01,5.184999704360961914e-01
6.929720789194107056e-01,5.073750168085098267e-01,6.929247975349426270e-01,5.184999704360961914e-01
6.929347217082977295e-01,5.078749954700469971e-01,6.929216384887695312e-01,5.184999704360961914e-01
6.928436160087585449e-01,5.076249986886978149e-01,6.928673386573791504e-01,5.184999704360961914e-01
6.927053034305572510e-01,5.077499970793724060e-01,6.927436590194702148e-01,5.180000066757202148e-01
6.925159245729446411e-01,5.086249932646751404e-01,6.924405694007873535e-01,5.230000019073486328e-01
6.916338205337524414e-01,5.125000029802322388e-01,6.908145546913146973e-01,5.425000190734863281e-01
6.875565648078918457e-01,5.514999926090240479e-01,6.914097666740417480e-01,5.970000028610229492e-01
6.795034110546112061e-01,5.997500121593475342e-01,6.751884222030639648e-01,6.075000166893005371e-01
6.639935374259948730e-01,6.227499991655349731e-01,6.586996912956237793e-01,6.190000176429748535e-01
6.469824016094207764e-01,6.380000114440917969e-01,6.490486264228820801e-01,6.405000090599060059e-01
6.412263661623001099e-01,6.367499977350234985e-01,6.374068856239318848e-01,6.395000219345092773e-01
6.277517527341842651e-01,6.718750149011611938e-01,6.279984116554260254e-01,6.529999971389770508e-01
6.111434698104858398e-01,6.718750000000000000e-01,6.238259077072143555e-01,6.865000128746032715e-01
5.984274893999099731e-01,6.928749978542327881e-01,5.927239060401916504e-01,7.049999833106994629e-01
5.780182033777236938e-01,7.230000048875808716e-01,5.790404081344604492e-01,7.164999842643737793e-01
5.597913563251495361e-01,7.367499917745590210e-01,5.598789453506469727e-01,7.289999723434448242e-01
5.448814183473587036e-01,7.451249957084655762e-01,5.663430690765380859e-01,7.304999828338623047e-01
5.441838651895523071e-01,7.471249997615814209e-01,5.508170127868652344e-01,7.294999957084655762e-01
5.327836573123931885e-01,7.476249933242797852e-01,5.357210636138916016e-01,7.480000257492065430e-01
5.266975015401840210e-01,7.533750087022781372e-01,5.278085470199584961e-01,7.559999823570251465e-01
5.195449739694595337e-01,7.572500109672546387e-01,5.255687832832336426e-01,7.480000257492065430e-01
5.149821490049362183e-01,7.620000094175338745e-01,5.183070898056030273e-01,7.544999718666076660e-01
5.098493471741676331e-01,7.645000070333480835e-01,5.148138999938964844e-01,7.574999928474426270e-01
5.075896307826042175e-01,7.662499994039535522e-01,5.128600001335144043e-01,7.524999976158142090e-01
5.035855919122695923e-01,7.709999978542327881e-01,5.221360921859741211e-01,7.459999918937683105e-01
4.996947422623634338e-01,7.722500115633010864e-01,5.147459506988525391e-01,7.544999718666076660e-01
4.991026595234870911e-01,7.744999974966049194e-01,5.238417387008666992e-01,7.469999790191650391e-01
4.998883530497550964e-01,7.731250077486038208e-01,5.354309678077697754e-01,7.440000176429748535e-01
5.036736801266670227e-01,7.696250081062316895e-01,5.116050243377685547e-01,7.515000104904174805e-01
4.910257458686828613e-01,7.761249840259552002e-01,5.195499658584594727e-01,7.500000000000000000e-01
4.933468848466873169e-01,7.731250077486038208e-01,4.973628222942352295e-01,7.605000138282775879e-01
4.852383360266685486e-01,7.798749804496765137e-01,4.951523840427398682e-01,7.634999752044677734e-01
4.826362729072570801e-01,7.801250070333480835e-01,4.909856021404266357e-01,7.684999704360961914e-01
4.793167412281036377e-01,7.853749990463256836e-01,4.942115545272827148e-01,7.664999961853027344e-01
4.781153053045272827e-01,7.856250107288360596e-01,4.893622398376464844e-01,7.680000066757202148e-01
4.709318205714225769e-01,7.833749949932098389e-01,4.825915098190307617e-01,7.670000195503234863e-01
4.678796678781509399e-01,7.852499932050704956e-01,4.801685214042663574e-01,7.680000066757202148e-01
4.655962511897087097e-01,7.873749881982803345e-01,4.809300005435943604e-01,7.624999880790710449e-01
4.640775099396705627e-01,7.890000045299530029e-01,4.753025472164154053e-01,7.724999785423278809e-01
4.605759233236312866e-01,7.902499884366989136e-01,4.728302955627441406e-01,7.764999866485595703e-01
4.560388028621673584e-01,7.925000041723251343e-01,4.714910387992858887e-01,7.714999914169311523e-01
4.598437920212745667e-01,7.902500033378601074e-01,4.711171388626098633e-01,7.770000100135803223e-01
4.595133960247039795e-01,7.936249971389770508e-01,4.775781929492950439e-01,7.730000019073486328e-01
4.600311592221260071e-01,7.909999936819076538e-01,4.811504185199737549e-01,7.814999818801879883e-01
4.491822272539138794e-01,7.987500131130218506e-01,4.658794701099395752e-01,7.829999923706054688e-01
4.480247944593429565e-01,7.986249923706054688e-01,4.658763706684112549e-01,7.835000157356262207e-01
4.445580914616584778e-01,8.015000075101852417e-01,4.578229486942291260e-01,7.804999947547912598e-01
4.442831426858901978e-01,8.009999990463256836e-01,4.557870626449584961e-01,7.810000181198120117e-01
4.393644779920578003e-01,8.023750036954879761e-01,4.558643102645874023e-01,7.820000052452087402e-01
4.420719444751739502e-01,8.017500042915344238e-01,4.530737400054931641e-01,7.845000028610229492e-01
4.447253569960594177e-01,7.998750060796737671e-01,4.556266367435455322e-01,7.779999971389770508e-01
4.379804655909538269e-01,8.022499978542327881e-01,4.536989331245422363e-01,7.860000133514404297e-01
4.350857511162757874e-01,8.034999966621398926e-01,4.513905644416809082e-01,7.894999980926513672e-01
4.298010319471359253e-01,8.063749969005584717e-01,4.479109942913055420e-01,7.879999876022338867e-01
4.328604564070701599e-01,8.063749969005584717e-01,4.527688026428222656e-01,7.904999852180480957e-01
4.367359876632690430e-01,7.997500002384185791e-01,4.483787119388580322e-01,7.914999723434448242e-01
4.369672611355781555e-01,8.093750029802322388e-01,4.457547068595886230e-01,7.835000157356262207e-01
4.326088950037956238e-01,8.133749961853027344e-01,4.537427723407745361e-01,7.894999980926513672e-01
4.320468083024024963e-01,8.068750053644180298e-01,4.444368183612823486e-01,7.885000109672546387e-01
4.310431629419326782e-01,8.084999769926071167e-01,4.458091855049133301e-01,7.940000295639038086e-01
4.247887209057807922e-01,8.133749961853027344e-01,4.440066516399383545e-01,7.954999804496765137e-01
4.282118603587150574e-01,8.028750121593475342e-01,4.478540122509002686e-01,7.900000214576721191e-01
4.218674004077911377e-01,8.122500032186508179e-01,4.565151333808898926e-01,7.864999771118164062e-01
4.274420589208602905e-01,8.086250126361846924e-01,4.689472615718841553e-01,7.825000286102294922e-01
4.263386875391006470e-01,8.062499910593032837e-01,4.452676177024841309e-01,7.914999723434448242e-01
4.220616221427917480e-01,8.112500011920928955e-01,4.361244738101959229e-01,7.969999909400939941e-01
4.201726615428924561e-01,8.109999895095825195e-01,4.357458353042602539e-01,7.979999780654907227e-01
4.164750427007675171e-01,8.162499815225601196e-01,4.367445707321166992e-01,7.979999780654907227e-01
4.160763695836067200e-01,8.133750110864639282e-01,4.309659898281097412e-01,8.050000071525573730e-01
4.169757440686225891e-01,8.108749985694885254e-01,4.440038204193115234e-01,7.910000085830688477e-01
4.165760874748229980e-01,8.134999871253967285e-01,4.326374828815460205e-01,7.954999804496765137e-01
4.092586636543273926e-01,8.158749938011169434e-01,4.332052171230316162e-01,7.975000143051147461e-01
4.126488864421844482e-01,8.176250010728836060e-01,4.318613409996032715e-01,7.969999909400939941e-01
4.075241386890411377e-01,8.199999928474426270e-01,4.295940697193145752e-01,8.040000200271606445e-01
4.083253219723701477e-01,8.177500069141387939e-01,4.254384636878967285e-01,8.040000200271606445e-01
4.039888083934783936e-01,8.192500025033950806e-01,4.298831224441528320e-01,8.069999814033508301e-01
4.025423824787139893e-01,8.226249963045120239e-01,4.237762987613677979e-01,8.054999709129333496e-01
4.016807675361633301e-01,8.238750100135803223e-01,4.268857538700103760e-01,8.080000281333923340e-01
3.976886868476867676e-01,8.282500207424163818e-01,4.241740703582763672e-01,8.040000200271606445e-01
3.949817344546318054e-01,8.231250047683715820e-01,4.497238695621490479e-01,7.950000166893005371e-01
4.055099710822105408e-01,8.208750039339065552e-01,4.374901056289672852e-01,7.950000166893005371e-01
4.008515626192092896e-01,8.196249902248382568e-01,4.318473041057586670e-01,8.034999966621398926e-01
3.947109356522560120e-01,8.258749842643737793e-01,4.227098822593688965e-01,8.059999942779541016e-01
4.055841639637947083e-01,8.179999887943267822e-01,4.210251867771148682e-01,8.105000257492065430e-01
4.117436259984970093e-01,8.111249953508377075e-01,4.210067689418792725e-01,8.125000000000000000e-01
4.059896692633628845e-01,8.203749805688858032e-01,4.246413409709930420e-01,8.084999918937683105e-01
4.063110575079917908e-01,8.197499960660934448e-01,4.208817481994628906e-01,8.050000071525573730e-01
4.057715609669685364e-01,8.212499916553497314e-01,4.268819987773895264e-01,8.069999814033508301e-01
4.164327457547187805e-01,8.163750171661376953e-01,4.252703487873077393e-01,8.100000023841857910e-01
4.062591791152954102e-01,8.181249797344207764e-01,4.381757974624633789e-01,8.059999942779541016e-01
3.940156996250152588e-01,8.269999921321868896e-01,4.160809218883514404e-01,8.105000257492065430e-01
3.886259421706199646e-01,8.302499949932098389e-01,4.265073239803314209e-01,8.109999895095825195e-01
3.874947726726531982e-01,8.288750052452087402e-01,4.121173024177551270e-01,8.134999871253967285e-01
3.845593482255935669e-01,8.308749943971633911e-01,4.191346466541290283e-01,8.119999766349792480e-01
3.845832124352455139e-01,8.329999893903732300e-01,4.073844254016876221e-01,8.140000104904174805e-01
3.786473721265792847e-01,8.339999914169311523e-01,4.129208028316497803e-01,8.119999766349792480e-01
3.786439523100852966e-01,8.327500075101852417e-01,4.090264439582824707e-01,8.125000000000000000e-01
3.806315436959266663e-01,8.351249992847442627e-01,4.095119833946228027e-01,8.084999918937683105e-01
3.777966350317001343e-01,8.353750109672546387e-01,4.083222746849060059e-01,8.109999895095825195e-01
3.791431635618209839e-01,8.347499817609786987e-01,4.085152447223663330e-01,8.084999918937683105e-01
3.776891380548477173e-01,8.367500007152557373e-01,4.018827676773071289e-01,8.119999766349792480e-01
3.761342018842697144e-01,8.377499878406524658e-01,4.200559854507446289e-01,8.199999928474426270e-01
3.786334320902824402e-01,8.368750065565109253e-01,4.004741609096527100e-01,8.100000023841857910e-01
3.700296431779861450e-01,8.379999995231628418e-01,4.033965766429901123e-01,8.140000104904174805e-01
3.699609339237213135e-01,8.386249840259552002e-01,4.008371531963348389e-01,8.199999928474426270e-01
3.715338259935379028e-01,8.386249989271163940e-01,3.998047113418579102e-01,8.125000000000000000e-01
3.689048960804939270e-01,8.414999991655349731e-01,4.165186583995819092e-01,8.195000290870666504e-01
3.808138072490692139e-01,8.334999829530715942e-01,4.002215862274169922e-01,8.174999952316284180e-01
3.657656684517860413e-01,8.442499935626983643e-01,4.018804132938385010e-01,8.184999823570251465e-01
3.635677546262741089e-01,8.441249877214431763e-01,3.960080444812774658e-01,8.230000138282775879e-01
3.637320399284362793e-01,8.425000011920928955e-01,4.234694540500640869e-01,7.994999885559082031e-01
3.744364604353904724e-01,8.354999870061874390e-01,3.964664340019226074e-01,8.234999775886535645e-01
3.879160434007644653e-01,8.289999961853027344e-01,4.307607412338256836e-01,7.975000143051147461e-01
3.814919367432594299e-01,8.339999914169311523e-01,4.062131643295288086e-01,8.169999718666076660e-01
3.687575310468673706e-01,8.412500023841857910e-01,4.007335603237152100e-01,8.245000243186950684e-01
3.622754812240600586e-01,8.432500064373016357e-01,3.940767049789428711e-01,8.280000090599060059e-01
3.581840321421623230e-01,8.448750078678131104e-01,3.978586792945861816e-01,8.240000009536743164e-01
3.594806864857673645e-01,8.492500036954879761e-01,3.885687291622161865e-01,8.215000033378601074e-01
3.555281311273574829e-01,8.523750007152557373e-01,4.003434777259826660e-01,8.284999728202819824e-01
3.630610480904579163e-01,8.443749994039535522e-01,3.885261118412017822e-01,8.314999938011169434e-01
3.581092134118080139e-01,8.482500016689300537e-01,4.053485095500946045e-01,8.190000057220458984e-01
3.565827086567878723e-01,8.492500036954879761e-01,4.141480326652526855e-01,8.220000267028808594e-01
3.702924996614456177e-01,8.408750146627426147e-01,3.928604423999786377e-01,8.199999928474426270e-01
3.704130873084068298e-01,8.395000100135803223e-01,3.922110795974731445e-01,8.205000162124633789e-01
3.776116073131561279e-01,8.367500007152557373e-01,4.153022170066833496e-01,8.144999742507934570e-01
3.739319518208503723e-01,8.355000019073486328e-01,4.161078333854675293e-01,8.134999871253967285e-01
3.598111495375633240e-01,8.441249877214431763e-01,4.096494913101196289e-01,8.249999880790710449e-01
3.577814400196075439e-01,8.453750014305114746e-01,3.861215412616729736e-01,8.330000042915344238e-01
3.479038104414939880e-01,8.531249910593032837e-01,3.967233300209045410e-01,8.195000290870666504e-01
