6.931438148021697998e-01,5.053750053048133850e-01,6.929365396499633789e-01,5.184999704360961914e-01
6.930619925260543823e-01,5.076249986886978149e-01,6.928572058677673340e-01,5.184999704360961914e-01
6.930350661277770996e-01,5.076249986886978149e-01,6.927466988563537598e-01,5.184999704360961914e-01
6.930546760559082031e-01,5.074999928474426270e-01,6.926929354667663574e-01,5.184999704360961914e-01
6.929993480443954468e-01,5.076250061392784119e-01,6.926643252372741699e-01,5.184999704360961914e-01
6.930320113897323608e-01,5.076249986886978149e-01,6.926599144935607910e-01,5.184999704360961914e-01
6.929550021886825562e-01,5.076249986886978149e-01,6.926860809326171875e-01,5.184999704360961914e-01
6.930488944053649902e-01,5.076249986886978149e-01,6.927160620689392090e-01,5.184999704360961914e-01
6.930234432220458984e-01,5.076249986886978149e-01,6.927021145820617676e-01,5.184999704360961914e-01
6.930768191814422607e-01,5.076250061392784119e-01,6.926922798156738281e-01,5.184999704360961914e-01
6.930550485849380493e-01,5.075000002980232239e-01,6.927042603492736816e-01,5.184999704360961914e-01
6.930281519889831543e-01,5.076249986886978149e-01,6.927416324615478516e-01,5.184999704360961914e-01
6.929927468299865723e-01,5.075000077486038208e-01,6.927704811096191406e-01,5.184999704360961914e-01
6.929019689559936523e-01,5.076250061392784119e-01,6.927473545074462891e-01,5.184999704360961914e-01
6.929491311311721802e-01,5.076249912381172180e-01,6.927558779716491699e-01,5.184999704360961914e-01
6.929529160261154175e-01,5.076250061392784119e-01,6.927520036697387695e-01,5.184999704360961914e-01
6.929839700460433960e-01,5.076249986886978149e-01,6.927251219749450684e-01,5.184999704360961914e-01
6.930233985185623169e-01,5.076250061392784119e-01,6.926977038383483887e-01,5.184999704360961914e-01
6.930058896541595459e-01,5.076250135898590088e-01,6.927158832550048828e-01,5.184999704360961914e-01
6.929078102111816406e-01,5.076250061392784119e-01,6.927542090415954590e-01,5.184999704360961914e-01
6.929809153079986572e-01,5.076249986886978149e-01,6.927812695503234863e-01,5.184999704360961914e-01
6.928787678480148315e-01,5.076249986886978149e-01,6.928114295005798340e-01,5.184999704360961914e-01
6.929459571838378906e-01,5.076250135898590088e-01,6.928267478942871094e-01,5.184999704360961914e-01
6.930127888917922974e-01,5.076250061392784119e-01,6.928685307502746582e-01,5.184999704360961914e-01
6.929383724927902222e-01,5.074999853968620300e-01,6.929081082344055176e-01,5.184999704360961914e-01
6.929426789283752441e-01,5.068749934434890747e-01,6.929779052734375000e-01,5.184999704360961914e-01
6.929371953010559082e-01,5.073750168085098267e-01,6.929520964622497559e-01,5.184999704360961914e-01
6.928887367248535156e-01,5.076249986886978149e-01,6.928811669349670410e-01,5.184999704360961914e-01
6.927874684333801270e-01,5.076249986886978149e-01,6.928890943527221680e-01,5.184999704360961914e-01
6.927537620067596436e-01,5.076250135898590088e-01,6.928864121437072754e-01,5.184999704360961914e-01
6.927830874919891357e-01,5.076249912381172180e-01,6.930173635482788086e-01,5.184999704360961914e-01
6.926078945398330688e-01,5.086249932646751404e-01,6.927002072334289551e-01,5.224999785423278809e-01
6.919409632682800293e-01,5.135000050067901611e-01,6.942316293716430664e-01,5.279999971389770508e-01
6.897616833448410034e-01,5.252499878406524658e-01,6.876362562179565430e-01,5.569999814033508301e-01
6.859960854053497314e-01,5.511249899864196777e-01,6.820452213287353516e-01,5.659999847412109375e-01
6.724873334169387817e-01,6.208750009536743164e-01,6.662130355834960938e-01,5.995000004768371582e-01
6.572873443365097046e-01,6.262499988079071045e-01,6.594613194465637207e-01,6.324999928474426270e-01
6.506162881851196289e-01,6.420000195503234863e-01,6.474357843399047852e-01,6.324999928474426270e-01
6.357801556587219238e-01,6.620000004768371582e-01,6.337612271308898926e-01,6.600000262260437012e-01
6.210539638996124268e-01,6.809999942779541016e-01,6.292000412940979004e-01,6.675000190734863281e-01
6.179688721895217896e-01,6.922499984502792358e-01,6.200350522994995117e-01,6.865000128746032715e-01
6.072246730327606201e-01,6.985000073909759521e-01,5.969015955924987793e-01,7.055000066757202148e-01
5.838794708251953125e-01,7.251249849796295166e-01,5.937441587448120117e-01,7.049999833106994629e-01
5.801234543323516846e-01,7.267500013113021851e-01,5.883110761642456055e-01,7.185000181198120117e-01
5.780442059040069580e-01,7.255000025033950806e-01,5.799655318260192871e-01,7.245000004768371582e-01
5.964192003011703491e-01,7.281249910593032837e-01,5.854294300079345703e-01,7.350000143051147461e-01
5.842444151639938354e-01,7.297499924898147583e-01,5.768328905105590820e-01,7.300000190734863281e-01
5.616374313831329346e-01,7.440000027418136597e-01,5.564728379249572754e-01,7.440000176429748535e-01
5.460808128118515015e-01,7.521249949932098389e-01,5.502684712409973145e-01,7.440000176429748535e-01
5.417527109384536743e-01,7.515000104904174805e-01,5.447674393653869629e-01,7.404999732971191406e-01
5.314742922782897949e-01,7.606250047683715820e-01,5.546326041221618652e-01,7.369999885559082031e-01
5.293186604976654053e-01,7.598749995231628418e-01,5.348250865936279297e-01,7.484999895095825195e-01
5.177926123142242432e-01,7.654999792575836182e-01,5.302785038948059082e-01,7.515000104904174805e-01
5.133388936519622803e-01,7.652499973773956299e-01,5.376436114311218262e-01,7.450000047683715820e-01
5.128089264035224915e-01,7.632499933242797852e-01,5.260311365127563477e-01,7.580000162124633789e-01
5.083523541688919067e-01,7.666250020265579224e-01,5.251723527908325195e-01,7.444999814033508301e-01
5.000903978943824768e-01,7.747500091791152954e-01,5.148203969001770020e-01,7.515000104904174805e-01
4.940268248319625854e-01,7.743749916553497314e-01,5.067307353019714355e-01,7.630000114440917969e-01
4.928832948207855225e-01,7.743750065565109253e-01,5.102759003639221191e-01,7.680000066757202148e-01
4.923782944679260254e-01,7.741250097751617432e-01,5.123556852340698242e-01,7.674999833106994629e-01
4.884303212165832520e-01,7.833749800920486450e-01,5.030908584594726562e-01,7.630000114440917969e-01
4.810649678111076355e-01,7.795000076293945312e-01,4.959509074687957764e-01,7.605000138282775879e-01
4.757328853011131287e-01,7.833749949932098389e-01,4.919154644012451172e-01,7.655000090599060059e-01
4.733147248625755310e-01,7.848750054836273193e-01,4.828483164310455322e-01,7.645000219345092773e-01
4.701546877622604370e-01,7.843749970197677612e-01,4.846942424774169922e-01,7.689999938011169434e-01
4.680334404110908508e-01,7.863749861717224121e-01,4.804667532444000244e-01,7.655000090599060059e-01
4.684532880783081055e-01,7.811250090599060059e-01,4.759618639945983887e-01,7.730000019073486328e-01
4.650642499327659607e-01,7.849999964237213135e-01,4.763092994689941406e-01,7.730000019073486328e-01
4.603501409292221069e-01,7.843749970197677612e-01,4.774785637855529785e-01,7.730000019073486328e-01
4.570640772581100464e-01,7.918749898672103882e-01,4.755851328372955322e-01,7.779999971389770508e-01
4.535012468695640564e-01,7.907499819993972778e-01,4.684818685054779053e-01,7.779999971389770508e-01
4.510533139109611511e-01,7.939999997615814209e-01,4.669896364212036133e-01,7.760000228881835938e-01
4.481122419238090515e-01,7.887500077486038208e-01,4.699440896511077881e-01,7.820000052452087402e-01
4.479870349168777466e-01,7.963749915361404419e-01,4.622190892696380615e-01,7.770000100135803223e-01
4.468403756618499756e-01,7.905000001192092896e-01,4.660976529121398926e-01,7.810000181198120117e-01
4.440489262342453003e-01,7.964999973773956299e-01,4.605687558650970459e-01,7.774999737739562988e-01
4.473799020051956177e-01,7.948749959468841553e-01,4.720526039600372314e-01,7.649999856948852539e-01
4.505073502659797668e-01,7.901249974966049194e-01,4.661119878292083740e-01,7.829999923706054688e-01
4.465589523315429688e-01,7.953750044107437134e-01,4.571463763713836670e-01,7.804999947547912598e-01
4.428692981600761414e-01,7.985000014305114746e-01,4.551860690116882324e-01,7.854999899864196777e-01
4.403791725635528564e-01,7.972500026226043701e-01,4.540128409862518311e-01,7.795000076293945312e-01
4.391441941261291504e-01,7.993749976158142090e-01,4.535914957523345947e-01,7.875000238418579102e-01
4.376345649361610413e-01,8.016249984502792358e-01,4.557418525218963623e-01,7.860000133514404297e-01
4.341796562075614929e-01,8.053749948740005493e-01,4.538782835006713867e-01,7.814999818801879883e-01
4.351248741149902344e-01,8.016249984502792358e-01,4.606905579566955566e-01,7.825000286102294922e-01
4.396683797240257263e-01,7.970000207424163818e-01,4.710911214351654053e-01,7.845000028610229492e-01
4.418677389621734619e-01,7.959999889135360718e-01,4.572965502738952637e-01,7.854999899864196777e-01
4.417702481150627136e-01,7.909999936819076538e-01,4.597837328910827637e-01,7.885000109672546387e-01
4.348490387201309204e-01,8.051250129938125610e-01,4.515352249145507812e-01,7.875000238418579102e-01
4.354011192917823792e-01,8.017499893903732300e-01,4.627521336078643799e-01,7.829999923706054688e-01
4.335904940962791443e-01,8.037499785423278809e-01,4.458639621734619141e-01,7.910000085830688477e-01
4.292834252119064331e-01,8.059999942779541016e-01,4.478619098663330078e-01,7.904999852180480957e-01
4.269566088914871216e-01,8.086250126361846924e-01,4.472450613975524902e-01,7.870000004768371582e-01
4.250810146331787109e-01,8.082499802112579346e-01,4.498474299907684326e-01,7.894999980926513672e-01
4.273697435855865479e-01,8.052500039339065552e-01,4.431014955043792725e-01,7.919999957084655762e-01
4.239533841609954834e-01,8.105000108480453491e-01,4.394293129444122314e-01,7.925000190734863281e-01
4.217692166566848755e-01,8.058749884366989136e-01,4.499265551567077637e-01,7.904999852180480957e-01
4.223128929734230042e-01,8.083749860525131226e-01,4.416463077068328857e-01,7.894999980926513672e-01
4.193849861621856689e-01,8.097499907016754150e-01,4.453908503055572510e-01,7.929999828338623047e-01
4.238506406545639038e-01,8.065000027418136597e-01,4.378425478935241699e-01,7.935000061988830566e-01
4.160763919353485107e-01,8.137499988079071045e-01,4.422224760055541992e-01,7.965000271797180176e-01
4.164592325687408447e-01,8.117499947547912598e-01,4.409631490707397461e-01,7.925000190734863281e-01
4.145635217428207397e-01,8.108749985694885254e-01,4.384689331054687500e-01,7.935000061988830566e-01
4.144888743758201599e-01,8.142500072717666626e-01,4.365667998790740967e-01,7.954999804496765137e-01
4.196916520595550537e-01,8.062499910593032837e-01,4.394621551036834717e-01,7.889999747276306152e-01
4.137614145874977112e-01,8.117500096559524536e-01,4.363198876380920410e-01,7.935000061988830566e-01
4.112309217453002930e-01,8.140000104904174805e-01,4.342328608036041260e-01,7.944999933242797852e-01
4.100473150610923767e-01,8.150000125169754028e-01,4.376055896282196045e-01,7.985000014305114746e-01
4.093437716364860535e-01,8.158749938011169434e-01,4.338603019714355469e-01,7.950000166893005371e-01
4.099732190370559692e-01,8.163750022649765015e-01,4.426166415214538574e-01,7.985000014305114746e-01
4.136459603905677795e-01,8.157500028610229492e-01,4.420415461063385010e-01,7.985000014305114746e-01
4.098563268780708313e-01,8.137499839067459106e-01,4.649562239646911621e-01,7.960000038146972656e-01
4.194243773818016052e-01,8.127499967813491821e-01,4.402933120727539062e-01,7.975000143051147461e-01
4.114779010415077209e-01,8.156249970197677612e-01,4.405872523784637451e-01,8.034999966621398926e-01
4.056001752614974976e-01,8.210000097751617432e-01,4.291062355041503906e-01,8.029999732971191406e-01
4.045934304594993591e-01,8.212499916553497314e-01,4.332469701766967773e-01,8.034999966621398926e-01
4.054598137736320496e-01,8.179999887943267822e-01,4.274091422557830811e-01,8.029999732971191406e-01
4.026909470558166504e-01,8.211250007152557373e-01,4.275341928005218506e-01,8.044999837875366211e-01
3.985894843935966492e-01,8.232500106096267700e-01,4.280879497528076172e-01,8.025000095367431641e-01
3.993581607937812805e-01,8.192500025033950806e-01,4.319621622562408447e-01,7.950000166893005371e-01
4.043291881680488586e-01,8.183750063180923462e-01,4.294581413269042969e-01,8.084999918937683105e-01
3.994373306632041931e-01,8.185000121593475342e-01,4.320924282073974609e-01,8.029999732971191406e-01
3.952421844005584717e-01,8.208750039339065552e-01,4.403635263442993164e-01,8.025000095367431641e-01
4.000634178519248962e-01,8.177499920129776001e-01,4.326829910278320312e-01,8.004999756813049316e-01
3.993273824453353882e-01,8.219999969005584717e-01,4.282968342304229736e-01,8.054999709129333496e-01
3.969174623489379883e-01,8.207500129938125610e-01,4.247581958770751953e-01,8.019999861717224121e-01
3.934940770268440247e-01,8.285000026226043701e-01,4.246850013732910156e-01,8.034999966621398926e-01
3.909677788615226746e-01,8.276250064373016357e-01,4.244800806045532227e-01,7.994999885559082031e-01
3.916024267673492432e-01,8.271249979734420776e-01,4.356576502323150635e-01,7.950000166893005371e-01
3.941262140870094299e-01,8.263749927282333374e-01,4.248592555522918701e-01,8.000000119209289551e-01
3.937594741582870483e-01,8.246250152587890625e-01,4.303360283374786377e-01,8.025000095367431641e-01
3.874798789620399475e-01,8.271249979734420776e-01,4.224996268749237061e-01,8.004999756813049316e-01
3.846131414175033569e-01,8.267500102519989014e-01,4.235478937625885010e-01,8.034999966621398926e-01
3.830913752317428589e-01,8.291250020265579224e-01,4.188516736030578613e-01,8.115000128746032715e-01
3.801342919468879700e-01,8.289999961853027344e-01,4.281906485557556152e-01,8.029999732971191406e-01
3.808630704879760742e-01,8.313749879598617554e-01,4.180631041526794434e-01,8.044999837875366211e-01
3.809397667646408081e-01,8.346249908208847046e-01,4.240984618663787842e-01,8.050000071525573730e-01
3.891710266470909119e-01,8.294999897480010986e-01,4.323798716068267822e-01,7.944999933242797852e-01
3.918202742934226990e-01,8.244999945163726807e-01,4.264246821403503418e-01,8.019999861717224121e-01
3.816478550434112549e-01,8.342500030994415283e-01,4.368579387664794922e-01,7.885000109672546387e-01
3.894473910331726074e-01,8.281250000000000000e-01,4.326964318752288818e-01,7.925000190734863281e-01
3.877744227647781372e-01,8.273749947547912598e-01,4.272575378417968750e-01,8.109999895095825195e-01
3.784202933311462402e-01,8.326249867677688599e-01,4.231323003768920898e-01,8.015000224113464355e-01
3.785904273390769958e-01,8.333749920129776001e-01,4.210807681083679199e-01,8.130000233650207520e-01
3.765182271599769592e-01,8.363750129938125610e-01,4.142164587974548340e-01,8.105000257492065430e-01
3.748671486973762512e-01,8.358749896287918091e-01,4.198609888553619385e-01,8.140000104904174805e-01
3.698697909712791443e-01,8.364999890327453613e-01,4.176840782165527344e-01,8.115000128746032715e-01
3.687640205025672913e-01,8.363749980926513672e-01,4.257267117500305176e-01,8.130000233650207520e-01
3.673714920878410339e-01,8.381249904632568359e-01,4.162535965442657471e-01,8.094999790191650391e-01
3.689931184053421021e-01,8.377500027418136597e-01,4.184509515762329102e-01,8.149999976158142090e-01
