7.499357461929321289e-01,5.076249912381172180e-01,7.098898887634277344e-01,5.000000000000000000e-01
7.428836673498153687e-01,5.025000050663948059e-01,7.068831324577331543e-01,5.030000209808349609e-01
7.279028892517089844e-01,5.247499942779541016e-01,7.038084268569946289e-01,5.019999742507934570e-01
7.320986837148666382e-01,5.166250020265579224e-01,7.013269066810607910e-01,5.034999847412109375e-01
7.122003883123397827e-01,5.363750010728836060e-01,6.987650990486145020e-01,5.145000219345092773e-01
7.235118597745895386e-01,5.155000090599060059e-01,6.969897747039794922e-01,5.230000019073486328e-01
7.206822037696838379e-01,5.180000066757202148e-01,6.974059939384460449e-01,5.180000066757202148e-01
7.217681109905242920e-01,5.105000063776969910e-01,6.960074901580810547e-01,5.210000276565551758e-01
7.128784060478210449e-01,5.306249856948852539e-01,6.948210597038269043e-01,5.345000028610229492e-01
7.073918282985687256e-01,5.396250188350677490e-01,6.948986649513244629e-01,5.335000157356262207e-01
7.057007551193237305e-01,5.388749986886978149e-01,6.955387592315673828e-01,5.260000228881835938e-01
7.001001536846160889e-01,5.439999997615814209e-01,6.940588355064392090e-01,5.404999852180480957e-01
7.044481486082077026e-01,5.416250079870223999e-01,6.972318291664123535e-01,5.329999923706054688e-01
6.986275166273117065e-01,5.506249964237213135e-01,6.944504380226135254e-01,5.375000238418579102e-01
7.002711892127990723e-01,5.396250039339065552e-01,6.984291672706604004e-01,5.174999833106994629e-01
6.975573152303695679e-01,5.416250079870223999e-01,6.916849017143249512e-01,5.435000061988830566e-01
6.995047032833099365e-01,5.455000102519989014e-01,6.902888417243957520e-01,5.540000200271606445e-01
6.938831061124801636e-01,5.524999946355819702e-01,6.901720166206359863e-01,5.519999861717224121e-01
6.926348358392715454e-01,5.602500140666961670e-01,6.901824474334716797e-01,5.485000014305114746e-01
6.892415732145309448e-01,5.592499971389770508e-01,6.907797455787658691e-01,5.515000224113464355e-01
6.929043829441070557e-01,5.632499903440475464e-01,7.068805098533630371e-01,5.339999794960021973e-01
6.913142800331115723e-01,5.604999959468841553e-01,6.894364953041076660e-01,5.490000247955322266e-01
6.891408413648605347e-01,5.589999854564666748e-01,6.926629543304443359e-01,5.375000238418579102e-01
6.903660893440246582e-01,5.621249824762344360e-01,6.877505779266357422e-01,5.465000271797180176e-01
6.850629746913909912e-01,5.760000050067901611e-01,6.887427568435668945e-01,5.450000166893005371e-01
6.854420751333236694e-01,5.728749930858612061e-01,6.868557333946228027e-01,5.565000176429748535e-01
6.789378374814987183e-01,5.789999812841415405e-01,6.878426074981689453e-01,5.554999709129333496e-01
6.783150285482406616e-01,5.923749953508377075e-01,6.915483474731445312e-01,5.569999814033508301e-01
6.755861043930053711e-01,5.925000011920928955e-01,6.953914761543273926e-01,5.454999804496765137e-01
6.768790632486343384e-01,5.879999995231628418e-01,6.847468614578247070e-01,5.680000185966491699e-01
6.744091063737869263e-01,5.907499939203262329e-01,6.854855418205261230e-01,5.699999928474426270e-01
6.732502728700637817e-01,5.923750102519989014e-01,6.846869587898254395e-01,5.730000138282775879e-01
6.725753694772720337e-01,5.962500125169754028e-01,6.839920878410339355e-01,5.749999880790710449e-01
6.738742738962173462e-01,5.958749949932098389e-01,6.858927011489868164e-01,5.740000009536743164e-01
6.694647371768951416e-01,5.966250002384185791e-01,6.787357926368713379e-01,5.805000066757202148e-01
6.673364639282226562e-01,6.018749922513961792e-01,6.776405572891235352e-01,5.845000147819519043e-01
6.621845364570617676e-01,6.058750003576278687e-01,6.761766672134399414e-01,5.874999761581420898e-01
6.628569215536117554e-01,6.088750064373016357e-01,6.742494702339172363e-01,5.855000019073486328e-01
6.597308516502380371e-01,6.156250089406967163e-01,6.788547635078430176e-01,5.960000157356262207e-01
6.568527966737747192e-01,6.177500039339065552e-01,6.756213903427124023e-01,5.910000205039978027e-01
6.573339700698852539e-01,6.156250089406967163e-01,6.713725328445434570e-01,5.964999794960021973e-01
6.581442356109619141e-01,6.157499998807907104e-01,6.686075925827026367e-01,6.044999957084655762e-01
6.524402797222137451e-01,6.200000047683715820e-01,6.750887632369995117e-01,6.035000085830688477e-01
6.542909592390060425e-01,6.241249889135360718e-01,6.703863143920898438e-01,5.975000262260437012e-01
6.564387083053588867e-01,6.110000163316726685e-01,6.659943461418151855e-01,6.050000190734863281e-01
6.513484418392181396e-01,6.236250102519989014e-01,6.652153134346008301e-01,6.104999780654907227e-01
6.480897068977355957e-01,6.298750191926956177e-01,6.650681495666503906e-01,6.075000166893005371e-01
6.452390849590301514e-01,6.272500008344650269e-01,6.631971597671508789e-01,6.104999780654907227e-01
6.481679677963256836e-01,6.313749998807907104e-01,6.613237857818603516e-01,6.075000166893005371e-01
6.453252881765365601e-01,6.349999904632568359e-01,6.644727587699890137e-01,6.110000014305114746e-01
6.452362984418869019e-01,6.393750011920928955e-01,6.599249243736267090e-01,6.190000176429748535e-01
6.456472575664520264e-01,6.326249986886978149e-01,6.641518473625183105e-01,6.065000295639038086e-01
6.447854936122894287e-01,6.281250119209289551e-01,6.652550697326660156e-01,6.085000038146972656e-01
6.419776678085327148e-01,6.414999961853027344e-01,6.593551635742187500e-01,6.265000104904174805e-01
6.406713277101516724e-01,6.408749818801879883e-01,6.578055620193481445e-01,6.230000257492065430e-01
6.422742754220962524e-01,6.401249915361404419e-01,6.571949720382690430e-01,6.244999766349792480e-01
6.413168758153915405e-01,6.401249915361404419e-01,6.580232977867126465e-01,6.265000104904174805e-01
6.349143534898757935e-01,6.452499926090240479e-01,6.568556427955627441e-01,6.290000081062316895e-01
6.341715753078460693e-01,6.503750085830688477e-01,6.537259817123413086e-01,6.315000057220458984e-01
6.350865513086318970e-01,6.464999914169311523e-01,6.617518067359924316e-01,6.259999871253967285e-01
6.335920989513397217e-01,6.519999802112579346e-01,6.527826189994812012e-01,6.355000138282775879e-01
6.362462937831878662e-01,6.517500132322311401e-01,6.540308594703674316e-01,6.265000104904174805e-01
6.328166723251342773e-01,6.520000100135803223e-01,6.533185839653015137e-01,6.294999718666076660e-01
6.313852220773696899e-01,6.515000015497207642e-01,6.530144810676574707e-01,6.294999718666076660e-01
6.275779753923416138e-01,6.539999991655349731e-01,6.514671444892883301e-01,6.345000267028808594e-01
6.316410303115844727e-01,6.548750102519989014e-01,6.513189673423767090e-01,6.324999928474426270e-01
6.280670911073684692e-01,6.481250077486038208e-01,6.531310677528381348e-01,6.330000162124633789e-01
6.304884254932403564e-01,6.539999991655349731e-01,6.509072184562683105e-01,6.274999976158142090e-01
6.283882707357406616e-01,6.605000048875808716e-01,6.519173383712768555e-01,6.315000057220458984e-01
6.254963278770446777e-01,6.587499976158142090e-01,6.502363085746765137e-01,6.345000267028808594e-01
6.270671039819717407e-01,6.527500152587890625e-01,6.502586603164672852e-01,6.340000033378601074e-01
6.227810978889465332e-01,6.638749986886978149e-01,6.505528092384338379e-01,6.409999728202819824e-01
6.287387311458587646e-01,6.573749929666519165e-01,6.495365500450134277e-01,6.384999752044677734e-01
6.205397844314575195e-01,6.644999831914901733e-01,6.493065953254699707e-01,6.374999880790710449e-01
6.184490621089935303e-01,6.723750084638595581e-01,6.470344662666320801e-01,6.384999752044677734e-01
6.172343641519546509e-01,6.718750149011611938e-01,6.513461470603942871e-01,6.405000090599060059e-01
6.226091086864471436e-01,6.614999920129776001e-01,6.474356651306152344e-01,6.389999985694885254e-01
6.208942234516143799e-01,6.656250059604644775e-01,6.494896411895751953e-01,6.384999752044677734e-01
6.182611733675003052e-01,6.702499985694885254e-01,6.472588181495666504e-01,6.340000033378601074e-01
6.231619864702224731e-01,6.641250103712081909e-01,6.504313349723815918e-01,6.470000147819519043e-01
6.200907975435256958e-01,6.680000126361846924e-01,6.504647731781005859e-01,6.294999718666076660e-01
6.205867826938629150e-01,6.697500050067901611e-01,6.488603949546813965e-01,6.430000066757202148e-01
6.191397607326507568e-01,6.693750023841857910e-01,6.462552547454833984e-01,6.384999752044677734e-01
6.162669062614440918e-01,6.726250052452087402e-01,6.477113366127014160e-01,6.485000252723693848e-01
6.124866604804992676e-01,6.753749847412109375e-01,6.433643698692321777e-01,6.420000195503234863e-01
6.126372665166854858e-01,6.733750104904174805e-01,6.449428796768188477e-01,6.439999938011169434e-01
6.135553419589996338e-01,6.730000078678131104e-01,6.479320526123046875e-01,6.480000019073486328e-01
6.143165528774261475e-01,6.728750020265579224e-01,6.441662311553955078e-01,6.449999809265136719e-01
6.123941242694854736e-01,6.779999881982803345e-01,6.444726586341857910e-01,6.439999938011169434e-01
6.081640124320983887e-01,6.818749904632568359e-01,6.420475840568542480e-01,6.424999833106994629e-01
6.114256083965301514e-01,6.749999970197677612e-01,6.457343101501464844e-01,6.445000171661376953e-01
6.083003431558609009e-01,6.808749884366989136e-01,6.431924104690551758e-01,6.409999728202819824e-01
6.063401997089385986e-01,6.785000115633010864e-01,6.448262929916381836e-01,6.485000252723693848e-01
6.134114116430282593e-01,6.768749952316284180e-01,6.412000656127929688e-01,6.434999704360961914e-01
6.059752553701400757e-01,6.800000071525573730e-01,6.477203369140625000e-01,6.449999809265136719e-01
6.074721068143844604e-01,6.789999902248382568e-01,6.411656737327575684e-01,6.510000228881835938e-01
6.082493364810943604e-01,6.858750134706497192e-01,6.453978419303894043e-01,6.424999833106994629e-01
6.064725369215011597e-01,6.811249852180480957e-01,6.410228013992309570e-01,6.434999704360961914e-01
6.033778637647628784e-01,6.851250082254409790e-01,6.445984244346618652e-01,6.535000205039978027e-01
6.052821427583694458e-01,6.848750114440917969e-01,6.419476270675659180e-01,6.434999704360961914e-01
6.029261648654937744e-01,6.864999830722808838e-01,6.437920928001403809e-01,6.464999914169311523e-01
5.969467759132385254e-01,6.908750087022781372e-01,6.420085430145263672e-01,6.414999961853027344e-01
5.964233428239822388e-01,6.912500113248825073e-01,6.471660137176513672e-01,6.409999728202819824e-01
6.042304784059524536e-01,6.882499903440475464e-01,6.487950086593627930e-01,6.510000228881835938e-01
5.999146252870559692e-01,6.891249865293502808e-01,6.410939097404479980e-01,6.455000042915344238e-01
5.958159118890762329e-01,6.909999847412109375e-01,6.489096879959106445e-01,6.474999785423278809e-01
5.977565944194793701e-01,6.908749938011169434e-01,6.420132517814636230e-01,6.455000042915344238e-01
5.949934422969818115e-01,6.983750015497207642e-01,6.492692828178405762e-01,6.495000123977661133e-01
5.993863940238952637e-01,6.815000027418136597e-01,6.551386713981628418e-01,6.324999928474426270e-01
6.002061069011688232e-01,6.893749982118606567e-01,6.484928727149963379e-01,6.504999995231628418e-01
5.975762307643890381e-01,6.927500069141387939e-01,6.398633718490600586e-01,6.449999809265136719e-01
5.943629592657089233e-01,6.901250183582305908e-01,6.477699875831604004e-01,6.524999737739562988e-01
5.908474624156951904e-01,7.010000050067901611e-01,6.420575976371765137e-01,6.445000171661376953e-01
5.889277607202529907e-01,7.008749991655349731e-01,6.504966020584106445e-01,6.514999866485595703e-01
5.934022516012191772e-01,6.980000138282775879e-01,6.411294341087341309e-01,6.499999761581420898e-01
5.894845724105834961e-01,6.938749998807907104e-01,6.443927288055419922e-01,6.539999842643737793e-01
5.918999612331390381e-01,6.949999928474426270e-01,6.380695700645446777e-01,6.539999842643737793e-01
5.868818908929824829e-01,7.032499909400939941e-01,6.443867087364196777e-01,6.554999947547912598e-01
5.894240736961364746e-01,6.971250027418136597e-01,6.402105093002319336e-01,6.430000066757202148e-01
5.865225940942764282e-01,7.052499949932098389e-01,6.470334529876708984e-01,6.464999914169311523e-01
5.863263159990310669e-01,7.017500102519989014e-01,6.429692506790161133e-01,6.520000100135803223e-01
5.834670960903167725e-01,7.054999917745590210e-01,6.429449915885925293e-01,6.554999947547912598e-01
5.847074836492538452e-01,7.052500098943710327e-01,6.411152482032775879e-01,6.545000076293945312e-01
5.840613394975662231e-01,7.051250040531158447e-01,6.391949653625488281e-01,6.564999818801879883e-01
5.817831009626388550e-01,7.047500014305114746e-01,6.376346349716186523e-01,6.570000052452087402e-01
5.799371600151062012e-01,7.088750004768371582e-01,6.361529827117919922e-01,6.549999713897705078e-01
5.793350636959075928e-01,7.098750025033950806e-01,6.424440145492553711e-01,6.604999899864196777e-01
5.767602622509002686e-01,7.140000015497207642e-01,6.402535438537597656e-01,6.560000181198120117e-01
5.762736201286315918e-01,7.104999870061874390e-01,6.579813361167907715e-01,6.549999713897705078e-01
5.849152803421020508e-01,7.062499970197677612e-01,6.557093262672424316e-01,6.554999947547912598e-01
5.842455774545669556e-01,7.023750096559524536e-01,6.395111083984375000e-01,6.589999794960021973e-01
5.857186466455459595e-01,7.028749883174896240e-01,6.374827623367309570e-01,6.554999947547912598e-01
5.792972892522811890e-01,7.086249887943267822e-01,6.470348834991455078e-01,6.524999737739562988e-01
5.787709504365921021e-01,7.101249843835830688e-01,6.441381573677062988e-01,6.654999852180480957e-01
5.783088505268096924e-01,7.103749960660934448e-01,6.406942605972290039e-01,6.560000181198120117e-01
5.733385980129241943e-01,7.133750021457672119e-01,6.435297727584838867e-01,6.560000181198120117e-01
5.751177966594696045e-01,7.085000127553939819e-01,6.446248292922973633e-01,6.510000228881835938e-01
5.729392915964126587e-01,7.111250013113021851e-01,6.387446522712707520e-01,6.549999713897705078e-01
5.698484927415847778e-01,7.165000140666961670e-01,6.423343420028686523e-01,6.570000052452087402e-01
5.686861872673034668e-01,7.172500044107437134e-01,6.354821920394897461e-01,6.600000262260437012e-01
5.680098980665206909e-01,7.182499915361404419e-01,6.400895714759826660e-01,6.600000262260437012e-01
5.697605460882186890e-01,7.188749909400939941e-01,6.438448429107666016e-01,6.595000028610229492e-01
5.710826367139816284e-01,7.142500132322311401e-01,6.379536390304565430e-01,6.610000133514404297e-01
5.671468228101730347e-01,7.211249917745590210e-01,6.517801880836486816e-01,6.570000052452087402e-01
5.670427829027175903e-01,7.157499939203262329e-01,6.370148658752441406e-01,6.570000052452087402e-01
5.660401135683059692e-01,7.203750014305114746e-01,6.436908245086669922e-01,6.564999818801879883e-01
5.624515116214752197e-01,7.249999940395355225e-01,6.405251026153564453e-01,6.579999923706054688e-01
5.612507909536361694e-01,7.249999940395355225e-01,6.381887197494506836e-01,6.610000133514404297e-01
5.594227313995361328e-01,7.271250039339065552e-01,6.390213966369628906e-01,6.575000286102294922e-01
5.614432394504547119e-01,7.239999920129776001e-01,6.563122272491455078e-01,6.585000157356262207e-01
